08073 01 09 13 22 28 33 08 
08074 01 11 15 19 20 24 09 
08075 01 08 14 18 22 30 03 
08076 02 05 07 11 13 18 11 
08077 04 12 22 26 30 33 09 
08078 06 13 16 26 30 33 01 
08079 03 04 05 10 20 32 09 
08080 04 14 22 25 29 32 14 
08081 02 12 13 18 25 31 04 
08082 04 08 10 12 21 26 09 
08083 07 08 09 18 29 32 09 
08084 04 07 13 20 29 30 16 
08085 01 04 12 20 24 29 15 
08086 04 05 10 26 27 30 12 
08087 01 07 26 29 30 31 06 
08088 01 06 08 16 17 23 05 
08089 03 06 11 16 22 27 11 
08090 02 07 14 18 19 24 01 
08091 03 12 14 23 31 32 10 
08092 01 03 18 27 28 30 05 
08093 04 10 12 16 26 28 07 
08094 01 04 15 16 23 28 14 
08095 03 08 14 21 28 29 03 
08096 06 08 12 24 27 31 14 
08097 03 06 08 09 16 17 13 
08098 06 07 10 11 15 30 01 
08099 10 15 16 22 23 24 07 
08100 08 14 17 21 27 28 14 
08101 09 17 21 26 28 30 04 
08102 03 07 12 21 25 32 05 
08103 01 12 16 18 22 33 04 
08104 03 06 08 17 24 31 01 
08105 05 17 19 27 28 32 02 
08106 14 19 25 27 29 30 15 
08107 06 13 18 22 27 32 04 
08108 09 10 15 17 23 30 12 
08109 04 07 09 16 21 28 10 
08110 10 16 22 23 29 31 02 
08111 17 18 21 25 31 32 06 
08112 05 13 14 19 22 23 06 
08113 06 09 10 12 17 22 09 
08114 04 09 20 24 25 31 14 
08115 02 12 13 14 17 18 06 
08116 03 07 21 22 24 29 14 
08117 03 05 07 10 14 33 07 
08118 04 09 16 27 31 33 01 
08119 05 07 09 15 24 29 07 
08120 10 11 22 24 26 33 02 
08121 02 22 23 27 31 32 06 
08122 02 08 11 14 19 26 15 
08123 10 11 15 16 25 29 02 
08124 01 07 10 13 21 22 03 
08125 10 11 12 15 26 29 09 
08126 04 11 12 14 20 30 13 
08127 05 08 19 22 27 30 13 
08128 01 05 19 20 27 33 05 
08129 01 03 18 24 25 32 15 
08130 01 12 18 28 30 32 06 
08131 02 12 15 18 22 32 08 
08132 09 13 16 25 27 33 08 
08133 08 11 16 19 24 26 11 
08134 10 15 19 20 28 32 02 
08135 05 14 15 16 19 21 15 
08136 05 09 10 12 18 28 02 
08137 01 04 24 28 29 33 09 
08138 07 14 19 23 25 32 04 
08139 08 09 19 23 25 26 07 
08140 07 14 16 29 30 31 14 
08141 03 13 20 25 29 33 15 
08142 05 06 10 13 17 28 15 
08143 12 17 18 19 26 27 06 
08144 02 05 10 27 29 33 15 
08145 07 13 18 22 26 29 02 
08146 07 08 17 19 31 32 10 
08147 07 08 14 22 26 33 02 
08148 03 05 09 22 26 28 09 
08149 10 14 22 28 29 33 02 
08150 04 19 22 24 29 32 02 
08151 06 08 10 14 17 19 06 
08152 01 04 06 22 26 30 08 
08153 01 04 18 21 24 30 16 
08154 02 05 07 21 22 26 08 
09001 04 21 23 24 30 31 04 
09002 10 14 17 25 29 33 14 
09003 02 03 06 15 25 30 02 
09004 03 11 13 17 28 31 03 
09005 01 03 08 15 17 21 13 
09006 06 12 18 20 26 33 02 
09007 01 05 12 23 25 26 15 
09008 04 15 16 22 32 33 02 
09009 08 15 21 30 31 33 02 
09010 03 10 17 19 20 24 02 
09011 02 04 13 14 18 23 15 
09012 05 11 14 17 18 28 01 
09013 04 08 09 21 26 27 09 
09014 03 06 09 14 15 18 02 
09015 02 04 06 15 17 32 05 
09016 02 07 13 16 20 33 03 
09017 06 14 15 19 25 26 08 
09018 02 05 06 19 27 30 15 
09019 06 17 19 20 26 27 04 
09020 03 05 07 10 19 23 13 
09021 01 04 05 17 24 27 09 
09022 05 08 09 10 11 18 08 
09023 01 06 07 15 24 30 08 
09024 01 03 17 23 30 33 12 
09025 10 20 22 23 26 33 11 
09026 11 15 17 18 20 30 16 
09027 02 07 11 16 27 32 06 
09028 03 06 12 15 23 26 10 
09029 12 13 15 22 23 29 13 
09030 08 14 24 26 28 32 07 
09031 01 02 03 15 30 33 01 
09032 09 11 12 19 27 32 06 
09033 07 08 13 14 29 30 06 
09034 09 12 18 21 22 26 07 
09035 06 15 21 26 29 31 05 
09036 06 09 18 23 32 33 07 
09037 02 06 15 18 20 31 03 
09038 12 13 15 23 28 32 05 
09039 05 12 14 15 21 27 03 
09040 04 07 10 20 26 30 12 
09041 01 08 23 26 28 33 08 
09042 08 16 22 23 27 30 11 
09043 04 09 10 15 18 26 07 
09044 11 14 16 18 26 30 01 
09045 03 04 06 23 30 32 01 
09046 16 20 21 26 29 30 09 
09047 06 08 11 15 21 22 16 
09048 03 07 11 15 17 31 01 
09049 09 12 14 20 30 31 06 
09050 13 21 24 29 30 32 04 
09051 06 10 13 16 21 23 07 
09052 09 11 15 19 21 30 08 
09053 07 12 18 19 22 28 04 
09054 16 17 23 26 31 32 11 
09055 03 04 18 22 24 29 11 
09056 04 09 10 18 29 32 08 
09057 05 07 10 14 17 25 11 
09058 05 08 10 15 23 26 09 
09059 03 07 13 23 27 30 11 
09060 07 13 17 26 32 33 04 
09061 10 11 13 16 19 30 03 
09062 10 19 20 21 23 32 10 
09063 02 05 11 26 30 32 16 
09064 01 02 14 23 28 29 15 
09065 08 12 20 22 30 33 02 
09066 02 15 19 24 31 32 04 
09067 04 10 16 23 28 30 05 
09068 06 11 18 20 25 30 05 
09069 03 05 12 18 21 23 02 
09070 01 02 09 10 21 31 10 
09071 04 05 23 26 31 32 06 
09072 01 03 12 20 21 29 04 
09073 09 16 17 18 22 27 14 
09074 05 10 16 19 23 28 13 
09075 01 13 15 17 20 30 05 
09076 09 18 19 25 28 31 06 
09077 01 09 14 16 28 32 16 
09078 05 07 12 14 15 20 13 
09079 02 09 16 21 30 31 13 
09080 01 11 13 25 32 33 06 
09081 04 05 06 25 29 30 03 
09082 11 15 18 21 27 29 02 
09083 02 08 12 18 24 28 04 
09084 04 09 11 20 32 33 13 
09085 04 08 12 17 20 30 03 
09086 11 12 13 18 23 32 11 
09087 06 11 13 20 28 32 06 
09088 04 07 11 15 16 17 02 
09089 02 03 07 11 19 32 04 
09090 07 09 14 20 23 30 14 
09091 03 08 11 14 25 29 04 
09092 02 06 07 14 18 31 08 
09093 01 11 20 31 32 33 01 
09094 03 16 22 25 26 33 14 
09095 08 09 14 28 31 33 15 
09096 01 26 27 31 32 33 03 
09097 07 13 24 26 28 32 14 
09098 03 14 15 20 23 30 02 
09099 08 09 18 20 25 29 09 
09100 02 11 17 27 30 33 11 
09101 01 02 05 10 19 24 14 
09102 03 05 07 08 14 31 10 
09103 06 11 17 20 23 24 09 
09104 20 22 26 29 30 32 16 
09105 02 08 10 16 27 30 15 
09106 01 02 15 18 20 29 04 
09107 07 08 20 23 28 29 05 
09108 04 10 17 28 32 33 02 
09109 05 06 07 14 25 28 01 
09110 04 10 13 15 19 30 14 
09111 02 04 07 14 15 25 15 
09112 06 07 18 24 30 32 09 
09113 04 12 20 25 28 29 16 
09114 03 05 11 12 31 32 11 
09115 02 09 13 15 19 24 03 
09116 05 17 21 25 27 32 14 
09117 05 09 15 21 26 31 13 
09118 12 16 25 26 27 31 05 
09119 06 07 10 12 15 21 05 
09120 01 02 08 12 16 30 16 
09121 02 04 06 10 25 30 09 
09122 07 14 16 27 29 32 01 
09123 09 13 20 22 25 28 14 
09124 03 04 22 23 28 30 10 
09125 06 07 08 22 26 27 12 
09126 03 05 06 10 19 23 15 
09127 02 11 12 14 15 16 04 
09128 05 08 15 16 26 32 01 
09129 06 07 16 17 24 25 07 
09130 02 03 07 12 13 30 11 
09131 16 23 25 26 32 33 05 
09132 04 14 15 21 23 30 07 
09133 05 09 13 18 20 32 01 
09134 03 05 12 15 28 33 06 
09135 01 03 14 19 30 33 16 
09136 01 04 14 22 30 33 01 
09137 08 12 14 15 17 21 01 
09138 04 07 14 26 32 33 14 
09139 01 05 15 17 27 29 02 
09140 04 05 11 18 22 33 12 
09141 02 13 21 28 29 31 09 
09142 07 11 15 19 20 24 13 
09143 05 09 11 17 23 28 10 
09144 01 05 10 17 18 29 12 
09145 03 05 11 15 26 33 11 
09146 03 09 16 20 22 33 15 
09147 06 08 10 18 22 32 16 
09148 06 12 15 22 29 32 10 
09149 01 03 16 18 22 29 04 
09150 04 06 07 16 19 20 04 
09151 06 08 10 16 25 30 14 
09152 03 04 19 21 27 28 05
09153 06 07 08 20 21 25 10 
09154 01 07 12 14 18 25 16 
10001 07 17 18 27 29 32 13 
10002 03 06 07 23 30 33 13 
10003 14 22 26 27 28 31 04 
10004 01 12 13 16 23 28 07 
10005 03 05 06 08 17 18 14 
10006 03 05 07 13 14 18 05 
10007 14 22 27 28 30 33 14
10008 05 07 13 15 18 30 14 
10009 01 09 13 21 24 32 06 
10010 07 08 12 15 22 26 08
10011 07 08 14 22 24 30 07
10012 02 08 13 14 25 33 10
10013 01 02 03 16 18 23 12
10014 01 03 07 14 26 28 02
10015 01 04 16 21 23 28 06
10016 02 08 10 12 30 33 16
10017 01 03 06 11 12 23 11 
10018 11 28 29 30 32 33 16
10019 02 10 22 24 26 27 06
10020 05 06 14 22 24 26 09
10021 02 09 16 17 19 25 04
10022 01 02 18 29 31 32 02
10023 02 09 11 22 24 27 11 
10024 07 16 26 27 29 31 14
10025 04 05 07 10 13 25 11
10026 02 04 05 08 19 22 12 
10027 03 04 15 25 26 30 13
10028 01 03 06 12 16 32 12 
10029 01 05 14 16 17 22 03
10030 03 06 10 16 25 31 05
10031 05 07 13 24 25 28 04 
10032 08 18 21 28 29 33 08 
10033 08 10 11 12 25 29 09
10034 06 11 13 22 25 32 12
10035 09 10 11 18 19 21 10
10036 06 13 14 28 29 30 08
10037 03 16 19 21 24 26 06
10038 01 06 07 11 13 16 01 
10039 08 17 21 23 25 32 12
10040 12 19 24 25 30 32 11
10041 03 05 13 19 25 29 12
10042 03 06 11 20 31 32 10
10043 04 10 19 22 28 33 04 
10044 03 09 21 23 27 31 05 
10045 02 03 04 13 20 29 01 
10046 11 12 21 23 27 32 05
10047 03 10 13 20 21 32 15 
10048 01 06 08 10 23 33 02 
10049 01 06 10 26 27 28 02
10050 07 21 22 26 28 30 11
10051 04 17 23 27 28 32 03 
10052 01 02 19 23 27 29 10 
10053 03 22 24 27 28 30 14 
10054 01 06 08 12 14 25 06 
10055 02 03 13 19 20 23 08 
10056 01 02 03 08 13 32 07 
10057 05 11 12 19 25 32 05 
10058 01 04 11 17 19 29 12 
10059 01 09 11 12 18 30 10 
10060 01 08 15 18 22 27 09 
10061 02 04 16 19 22 26 12 
10062 11 13 15 20 31 33 03 
10063 02 06 10 17 23 24 03
10064 08 14 25 26 30 31 11 
10065 02 07 08 17 30 32 12 
10066 01 03 21 22 31 32 07
10067 01 07 10 14 21 25 01 
10068 03 13 18 20 23 28 13 
10069 12 14 20 22 24 32 11 
10070 08 13 23 27 31 33 07 
10071 05 13 14 17 20 26 01 
10072 06 08 22 23 30 31 01 
10073 01 16 20 23 27 31 02
10074 02 10 17 18 19 29 15 
10075 05 09 12 13 15 22 14
10076 01 12 14 29 31 32 15 
10077 02 08 14 20 21 24 09 
10078 01 03 09 11 17 23 12
10079 08 11 12 14 18 22 02 
10080 08 10 13 14 16 23 16 
10081 02 03 09 24 26 27 05 
10082 01 08 13 14 27 31 02 
10083 02 20 21 22 23 31 12 
10084 02 10 14 18 20 30 03
10085 01 08 12 13 24 27 08
10086 05 21 28 29 30 31 08
10087 01 08 16 17 25 30 10
10088 05 06 15 23 27 30 12 
10089 07 08 09 16 23 26 01 
10090 01 06 10 15 25 31 14 
10091 06 13 16 20 22 24 16
10092 03 13 19 27 28 30 02
10093 09 10 19 28 32 33 06 
10094 03 05 07 27 31 32 10 
10095 09 11 16 17 25 27 14 
10096 07 12 21 23 24 28 03 
10097 10 16 18 21 24 26 01 
10098 01 03 08 16 29 33 07 
10099 03 04 17 24 27 30 06 
10100 01 06 12 22 23 26 08 
10101 04 09 18 21 25 26 06 
10102 04 11 16 20 22 29 10 
10103 06 09 14 17 20 33 09 
10104 07 17 23 24 27 32 02 
10105 01 08 09 19 21 31 11 
10106 02 06 08 15 26 29 16 
10107 08 12 15 17 22 33 16
10108 02 04 08 20 23 24 07 
10109 04 15 18 25 29 32 15
10110 01 03 12 24 26 27 01
10111 04 07 08 13 17 18 10 
10112 01 08 18 24 29 30 16 
10113 05 10 15 18 20 28 10 
10114 01 08 11 15 17 25 01 
10115 01 22 24 25 29 33 15 
10116 05 09 10 20 22 26 07 
10117 01 08 20 22 24 28 01 
10118 05 08 11 13 15 25 05
10119 07 17 25 27 30 31 09 
10120 01 02 05 06 10 29 16
10121 08 11 13 18 25 30 15 
10122 02 09 12 16 25 27 06
10123 06 12 15 18 29 32 10
10124 02 06 08 11 12 25 02 
10125 06 07 13 23 28 29 09 
10126 03 13 18 20 27 28 05 
10127 01 04 08 17 25 33 01 
10128 04 11 19 20 24 28 12 
10129 04 08 14 25 28 32 16
10130 01 02 07 15 21 31 16
10131 05 06 15 16 19 26 06
10132 02 10 12 18 24 33 15
10133 03 09 17 21 26 32 01
10134 09 15 16 22 27 28 06
10135 04 10 13 25 26 30 10 
10136 04 10 23 24 26 33 10 
10137 07 09 10 13 19 33 06 
10138 01 21 23 24 26 30 05
10129 02 30 23 12 10 14 01
10156 04 03 05 02 01 01 23
10160 05 03 03 05 04 01 08
10161 030201050100402
10124 030201050100402
10171 030201050100402